$ANSIBLE_VAULT;1.1;AES256
61643430356639323536366162666161613631616136666534323331643231333232303664366439
3036613062376364336666653039383566383138316562360a323933616264313230353738376664
31383166383561653034633730306335356439613735623134636337353561656339336339633335
3330653538383334340a373034396231623033303131353931373433666262313337393335663836
39626436643863633766386139303237653761613930326233306164346363386535326632313663
62306336383462653164653135666533383162393638643636333330353136626562333330306332
62633432333164383230343564653265393663633836636337323132303635343064366163306635
35626338663939623363363639663163663136646266316137653437616263333638356134383364
33663930663233343466616333653031636230613431616263643438616265623532343532373330
32636636616533363666383264653363613835326238633932323238333835663833653638333732
61326464663338336534333438623637396361316138623737313865626638343138633236316361
32643430303530333831333462656461313332363565323666613261396333313832326631333362
64396164623266333831363838323338663164373766633062643437383432613734643739383738
30656534346663313233613532333861386339613436363631613337346365326339343864663135
32386134303736323661303834663966653465333035613764396332313536666633613637623330
31633662316537303438363666646132383031653238663535373530303734346363613761356131
65313566323734626166323665643539383461623565343239373334393930663732653130343636
34303236323236326363616639646433373638376339333332333666396561633139383433386139
31356537303661323633366130643830613164333239306365386563613535613930313866373665
34343637393165303432633839643930393836353635656335616233643232336366386635303964
31373165393135633735396565376661623932616166333364313365633438333839396164643263
36306130303961656335636465353163313438353739646363643333303930316434343136623462
65306165666436396466346438303135306565633032323033313064643334313432613665356666
39663934363865643865636439643733306638353538336535623538383138376439393138303237
33656433376136623537613666656232656663613530373362363365316335636137353331303437
34306165356364333938386162326232373966643231303137396436663330666639333861336563
38393938626336383763636432383466653631323439643764336639616137353565643236643635
63356163623265633031623530316437643739306137646633663038613066616665633934626132
30616630343031313630386461383734646534346461366235323937353662636238396536303631
32343134623739333836613661626432303433396162323466373930393337356630636333396230
63396336643738393336653232313238613261346634643639303064366136303134303562366633
62356663656565323832626134613439643339636265343039303138633431323830306361353235
38333734356439316638656630306236646131316636376366323963386436383065363730373537
37343038303738383662663466666539393634326364316134353063373464383332666266626634
62663265613166633639626431646462343362396238613332336533356465643334666639323161
63623233313065383430323061386361393938393265313734376361326464363634636564633566
66636664396636333433363536343434383163373035663765623736656563323031613835303161
30363934306439343736333235343336653265343364623838326261383864643432646231313834
63663461316534663233363564363038336261643765623632326138663235356161623333376533
38643165663833326439376133666534346565623234643639636338353735343536343965323532
35373833373964656438666439303564353532396636363636633563366136653731363462303564
38326239326465363336653239366330393730393936643635636638303830353938323238376536
33323633323738353866623664643034356262333065613736383736306531343963353139643465
30303830373330333566376333663734366235303362323064373539623763393066366539366534
66663364653664386264633332326537656135346232383038336365306532343735626431616663
30376331336333623131373333396464616339333066363265653533646466356436666332633839
63353962643261656235633565626233303761363164316631313033396234616137663039636565
32313165313337363662616330663066363730663765613631383632383230383034373661663761
34316631383833626565626233323734366263386161363831303737663830353737623532353333
63666239356566346232333763623537323032303831353136306463353335353262353662646235
35633862633063653131643736386134363233663866653237666535376239383164373064326233
38303235363234356133623530333364323233353565356538633964306130336365623566623737
32343466363964623434356236316238306532626465656432653465333162353337626534653762
65366363373137613232303265366436653861326163643261383763373635313630643330363065
32653233666333366131626634666337323033616366643463373739353939323233303135303238
35643161373839376636656363346461373463303938373235383931633237333064336362366636
37343061653062303536323663313933363737393734346164356162333533356166666337363266
33366463346563366336636434333436356266636464346631383931626466343634333064373932
36363265626364306131633361343363356565643933303835383836636366663363613634356634
65356434303438353061393961363232396366383334653931653136356137666162316137356164
39316435623530613630623838313163356230326437396636383238356638356235393265663038
31366338633137306465613663303531303635383136643836323961326230363938383834653865
35646661303230666233633539396132333337306133393864376438633637643831626431373034
63346539306237613037333837363636353464373631646433656532353162336437333034313736
65333030373737383461613636636232306265326339303161633063613739633237383038353564
34373434666439396633366363373831343334303033353239306163386563363731386464313332
66353065333934353131633061373937616631663162643638393132396630316466633466346534
62633565323035636532383533313963336537636661336335336533336631643766393330373864
31363532373662333365383630346238383535323930323962613330323035333463353266316534
33616432663638353263656333623131323439613930326163656664623136616339616466323338
39333537653933343639303933396337646264346165313439613336393462376433303536653034
36353865373165306233333236376364313962326334373739316231316239346234323661353662
31653564613939346263636564363233643831356634623830626666373662313734663537356561
65333831623837323038616262316430393338633533663664383261346365333036373963316337
30393130623230363630323961613637646530393564663062356166306332613132633632626130
34616634656263643433353666343062666538343430386331313662333930656434313164373063
32333835303136623037623362663731346439373763613165393734653237356437623737656236
36623135333066326561616438353166323835666639376630633366343133613134363433373765
38386639623430353234353761643166313565366162343434643234363134626138373562636132
37636563653734663237376462633939623134656437373232343864346533383762623435333261
35633565363939303434306366313038356430343865386230633562626666383463613434363564
63636134663361623532663933383062343361353632646434343932356134396138616435356539
66643038616665663339333135376635356562663265363963626161663730316366363631613330
34383363333863316438326332383437333066646565333635353064316162363131646239363336
39326165343365343138636461613031393635343836303066333964316665663765303432306161
62313965393136363166613936643439353734643034623937313133386134323362646531386339
39643739336332336665346632336539663436613936383531366136613563383265643061306135
61363265333932623866653733613131636134363632626464383566383461353139613736343737
62323538353463323162613461316234646631353236353361386563326230623330316331393033
33626535333931363464306664643839346363623933356337336366343132366539643464343663
33353761343736323466383137643062616336316638353062663937663534663131306561316237
32376533343166323463663464653364373136343738613035343734373835633339656561306636
38626563396635353361306363303239326633343062616630306166376330623535366463626331
35306163393938663738376233396630616164306564643161663031613234306335386163366232
61313035613264323830393530323462356138333932333139646230373739636337643034366566
31376162643031643432643465353161386137623839643636396130636436313336356231363766
66303130643038383731336231333563333662363366313430393530616437313663396330326163
38633461646561663965346130636439333833646264653466343639386133646263646232623037
33353463386364333066613633313135336639386265346639613736663232646165646333303362
63666132646563373966666361363935356330393534623234346465376431383863663233623935
36336232623263363864663262363265316533303164326537336330626562313461363531613734
61613164656563333433343865353866336538333031393334626166336466386533646430313663
32613033343766646638326435643030363938336530653434363938636664343231343433356336
63333633326334623633323964353666383061666636313837353462346264396433373633346438
63613036316531343635353562373865646664326530663738353535343531313561623164316631
66356230353663373436323261346335316535303063656438383439313965663166613632653734
64663735633461343262396564643539356635633263383064623238393866363337316234326565
37616163663331663932346664666137313434393461366661336662366139623537353463303361
39353330333937646164626439313439373833653062653763323937623735356164373835373637
33373636663934613739613437376632313932393137366233343665383335636630626261376530
37386165343437363233326438306663346231326536396439353563303637356434666365613838
38666432353664363636623830333836366135366535303737383232663534346662633663346464
65326433376330623266336432653730396434313736353163363334353165663634663863376335
62653130366362323166663631373665333561343864616238613439663564353961363865663063
61653165613163623435336431313038353563623463363231653337666162396564346337363537
64393637353131366465366433396166666438353133373939653466656534313232393930386231
31633933616661633363353263336463383365373436623938333036313930333962623561343630
66306637626662303535326165303735303566353564343762623462383138346636393832303533
65333065323536326266663938616666326662646538633164313864366335643832383638643836
34316461393838656566633439386136363263626461383666313331356362633633323433353731
63326430626533363131313961396639636236643936356663346334653063653036623137626232
38363631616631623539313865663438323536333336303662616230633161373661356363313439
34613837346662636335646166636531333430313962643866376531343061353034643239353935
65623964633733376661373433373435306561343566346533613239396638666636343331353937
38326365336161393139386139376338616334306466333139366634626632643439356539323533
32616662303762376461643134363631313233336464636531346430666433373935623334306430
39373035636539663464393639363635653363623665313733336661326436633232363836323365
35393764336664663763306335393265313366343332326664613563613835366539663763316230
65663562343965623937626566613739643439313833363438313932353261633230316538346563
65313536396338366539323765323761616135666162386139303333316232373234623739383137
66386638353662353835626162623135346238383834363664306231626530303630393537333335
33363963363163393439343730336232346236333730363832353331306163316431346138356133
64653132333432353363353134636139303735643836306532353933326236346238626234643964
32613265616233626562643065373964336332616332653736646531643431353937613265303561
62663966343236666365613336383030343062666666613432313066383837303866653961663134
65393562613666613231323036623066336138356430343863653136653535656663626339636431
66376439303161613431366532313166306437333230643064666339663537356333393839363266
34396364373133356366313262623331336138386134336537646365303036646564303835386230
36303863646230353233363533653363653033666264313739656333643733326363643932633037
63346532343966633736663765623232626236383166383836663931636538323936666364396630
30613035313036363365313834313231626637613937633536386339373066346462653130656261
65643632343837386232346332346237383661346233303064343636393364623030626636306332
37636133323636663632636533386336636438623530326233353231666332653133306639316339
62376234363030386639313237636333663932306631643566623062373732643538663131616532
33343738356137373330396633653966393933323235316438373639663661343434666537306264
35653737653164373532646262386565313536633761303635663638373463663162326661643133
35316135393764663966393264653361626636386533653761363265343332396131383834303165
37656335336232393262383566366436353161306662336235643465316266323832626231383937
34346366373465393261303263623131636464666362323832353333393237613934313738643063
38653133396464626334313332623665396235393763653434326562396134643830346366333330
64353831653432383334373132303032633831623934363062616162656538353737666531643039
31363330376563346563623538346163386330323637346637643561653330633362663063303437
64636239356133376562343737656437333339623463623837386534363266663765393539656265
64636366663630323039346630613334313463623063666237633433303061393835343536333635
33666331366335353033316666366538376136363566326437666663323336613164626431346362
61313532666163656165643734333532326537323932316635303963303638616564353532656339
38313833656337373732366432313935313763343631396538633534346631376538623563383736
62313732306631653230613561653166623232626566386634643238313063313864366430376637
36366630636362643039306332393962656233336662323930663936333035303566626436343233
34336331346237336366366434643535646633653265643633323733623335336534333565626130
31663966626139373337346439616264613138343133353736323837643564396433643830633031
37366433663064656235316162663863383538666565383635363834353233626561343234323061
31363035636432323365363264623066336230313530346334636230623136393663626331343030
64396635303231313930383963353235336536633938633962353864646538393231613032393632
63353038633333623762633538613566353064303161396662373835323735633935313935343363
61323865653266616161623630353131353961653935653463346234616534366263623962303031
37313063316239386631366239303262303462323536396433646332633439326634643466356266
33323434643233663739356338356134633233656135393666653466633662623338366639663263
35336662386336363964333032376636643866396462373630376439373133333832363762323934
38326337383132303631326630336634616264326238653464326464303063393130383333376330
32363232333738353038386332666335333165633739316431653839393261316433363531393038
62313239376364626530363530386562626538363466333638626533366635373166343432313663
66393765326234383061383264626439653037656163386434363762643036303838
